3
15 40
350013 849980 350002 849993 350000 849985
650000 750000 650004 750013 650013 750012
650020 750000 650031 750013 650033 750004
350033 850000 350032 850013 350020 850005
349980 849993 349985 849980 349993 849984
649993 750000 649989 750013 649980 750005
650020 750033 650031 750020 650033 750026
750000 950013 750005 950000 750013 950009
349973 849993 349966 849980 349960 849982
350000 150013 350007 150000 350013 150006
850000 50000 850010 50013 850013 50009
50000 550013 50011 550000 50013 550006
649980 749993 649981 749980 649993 749982
350000 850000 350001 850013 350013 850012
550000 150000 550002 150013 550013 150001
